------------------------------------------------------------------------
ID       Name            CSE103     MAT101     ENG7101    CGPA    
------------------------------------------------------------------------
1001     Alice           3.80       3.50       3.70       3.69    
1002     Bob             2.90       3.20       2.80       2.96    
1003     Charlie         3.50       3.90       3.60       3.64    
1004     Diana           3.20       2.70       3.10       3.03    
1005     Ethan           3.90       3.80       3.95       3.89    
1006     Farah           2.70       2.80       3.00       2.81    
1007     George          3.40       3.10       3.20       3.26    
1008     Hannah          3.95       4.00       3.85       3.94    
1009     Ibrahim         2.80       2.50       2.70       2.69    
1010     Julia           3.60       3.40       3.55       3.53    
------------------------------------------------------------------------
